1.000000 0.000000 0.000000 0.000000 0.000000 1.000000 0.000000 0.000000 0.000000 0.000000 1.000000 0.000000
0.999490 0.031611 -0.004560 -0.003505 -0.031474 0.999126 0.027509 0.195206 0.005426 -0.027352 0.999611 -0.007673
0.997863 0.065100 -0.005513 -0.005405 -0.064704 0.996409 0.054607 0.381708 0.009049 -0.054133 0.998493 -0.008408
0.997878 0.063602 -0.013930 -0.005648 -0.062599 0.996023 0.063397 0.579191 0.017907 -0.062391 0.997891 -0.013232
0.993215 0.115730 -0.011381 -0.004471 -0.115421 0.993006 0.024834 0.772787 0.014176 -0.023352 0.999627 -0.020181
0.988271 0.152401 -0.009760 -0.011598 -0.152017 0.987850 0.032289 0.971332 0.014562 -0.030427 0.999431 -0.012098
0.981954 0.189024 -0.006093 -0.002330 -0.188773 0.981588 0.029150 1.168662 0.011491 -0.027473 0.999556 -0.006587
0.986862 0.161158 -0.011453 -0.011439 -0.160028 0.984770 0.067969 1.366840 0.022233 -0.065244 0.997622 -0.006703
0.978353 0.206528 0.013103 -0.018200 -0.206626 0.978398 0.006617 1.567816 -0.011454 -0.009181 0.999892 -0.013070
0.972825 0.229485 0.030775 -0.016969 -0.229925 0.973140 0.011562 1.759688 -0.027295 -0.018323 0.999459 -0.017331
0.962976 0.267320 0.034889 -0.020063 -0.267872 0.963378 0.012158 1.968112 -0.030361 -0.021053 0.999317 -0.018204
0.953503 0.299443 0.034145 -0.028672 -0.299961 0.953887 0.011085 2.178525 -0.029252 -0.020812 0.999355 -0.033421
0.949101 0.313666 0.028641 -0.029302 -0.314183 0.949233 0.015680 2.361548 -0.022269 -0.023880 0.999467 -0.033114
0.943097 0.331294 0.028505 -0.024152 -0.331989 0.942963 0.024557 2.572365 -0.018743 -0.032623 0.999292 -0.035690
0.936910 0.349329 0.013010 -0.016137 -0.349536 0.936692 0.020776 2.772233 -0.004929 -0.024013 0.999700 -0.044495
0.922196 0.386253 0.019077 -0.013691 -0.386607 0.922007 0.020955 2.964179 -0.009495 -0.026700 0.999598 -0.043687
0.908565 0.417282 0.019637 -0.014805 -0.417603 0.908476 0.016705 3.161995 -0.010869 -0.023378 0.999668 -0.042880
0.884240 0.466783 0.015253 -0.005577 -0.467032 0.883794 0.028086 3.359492 -0.000370 -0.031958 0.999489 -0.042918
0.867575 0.497123 0.013493 -0.003580 -0.497292 0.867028 0.031047 3.567010 0.003735 -0.033645 0.999427 -0.051968
0.869829 0.493328 0.004980 -0.013209 -0.493209 0.869775 -0.015390 3.759819 -0.011924 0.010930 0.999869 -0.051091
0.857225 0.514935 0.002655 -0.005865 -0.514807 0.857107 -0.018503 3.958364 -0.011804 0.014494 0.999825 -0.055966
0.840752 0.541091 0.018887 0.013343 -0.540951 0.840964 -0.012290 4.151249 -0.022534 0.000116 0.999746 -0.050828
0.821380 0.570064 0.019023 0.006309 -0.569928 0.821600 -0.012456 4.347723 -0.022730 -0.000611 0.999741 -0.044139
0.801402 0.597716 0.022138 0.018978 -0.597452 0.801707 -0.017777 4.545670 -0.028373 0.001020 0.999597 -0.040384
0.782114 0.623105 0.006073 0.017923 -0.623071 0.782136 -0.006699 4.753427 -0.008924 0.001455 0.999959 -0.039709
0.749582 0.661557 0.021650 0.021634 -0.661738 0.749733 0.001674 4.958645 -0.015124 -0.015581 0.999764 -0.039306
0.721774 0.691758 0.022657 0.027578 -0.691964 0.721930 0.001815 5.156235 -0.015101 -0.016987 0.999742 -0.031137
0.704135 0.709486 0.028702 0.023978 -0.709623 0.704548 -0.006870 5.360271 -0.025097 -0.015530 0.999564 -0.031197
0.678815 0.734203 0.012505 0.030490 -0.734044 0.678929 -0.015323 5.563013 -0.019740 0.001222 0.999804 -0.027335
0.652806 0.757525 -0.000207 0.034637 -0.757503 0.652785 -0.007761 5.761305 -0.005744 0.005223 0.999970 -0.031793
0.627135 0.778910 -0.000101 0.030567 -0.778873 0.627104 -0.009861 5.956437 -0.007617 0.006262 0.999951 -0.025925
0.574140 0.817394 -0.047216 0.041740 -0.818730 0.573637 -0.024955 6.166628 0.006687 0.052985 0.998573 -0.019251
0.566865 0.820836 -0.069939 0.058562 -0.823708 0.566090 -0.032371 6.352110 0.013021 0.075960 0.997026 -0.024779
0.529484 0.845205 -0.072633 0.058712 -0.848258 0.528539 -0.033254 6.544648 0.010282 0.079219 0.996804 -0.021803
0.467081 0.883504 -0.035447 0.061900 -0.882225 0.462968 -0.085667 6.745895 -0.059276 0.071285 0.995693 -0.013645
0.430653 0.901746 -0.037312 0.062796 -0.901147 0.427354 -0.072816 6.943658 -0.049716 0.064982 0.996647 -0.012131
0.376279 0.925756 -0.037288 0.065628 -0.924820 0.372863 -0.075376 7.158855 -0.055876 0.062847 0.996458 -0.012342
0.309902 0.949237 -0.053948 0.078771 -0.950579 0.308209 -0.037505 7.346609 -0.018974 0.062905 0.997839 -0.007718
0.308306 0.950598 -0.036215 0.099268 -0.951236 0.307669 -0.022140 7.553632 -0.009904 0.041275 0.999099 -0.014276
0.238228 0.968957 -0.066103 0.081597 -0.970961 0.236077 -0.038753 7.761861 -0.021944 0.073415 0.997060 -0.013308
0.218492 0.971692 -0.089862 0.090674 -0.975352 0.214548 -0.051543 7.971992 -0.030804 0.098909 0.994620 -0.017191
0.190643 0.978136 -0.083102 0.081829 -0.980969 0.186652 -0.053479 8.174218 -0.036798 0.091716 0.995105 -0.014567
0.129457 0.983965 -0.122695 0.089270 -0.991358 0.125784 -0.037254 8.388542 -0.021223 0.126457 0.991745 -0.014699
0.080680 0.986524 -0.142342 0.087478 -0.996686 0.081333 -0.001232 8.585999 0.010361 0.141969 0.989817 -0.022330
0.051026 0.988154 -0.144733 0.084209 -0.998626 0.052219 0.004457 8.772264 0.011962 0.144306 0.989461 -0.025055
0.029872 0.989366 -0.142348 0.083821 -0.999403 0.032038 0.012945 8.977076 0.017367 0.141876 0.989732 -0.019942
-0.012830 0.988262 -0.152228 0.088086 -0.999891 -0.013801 -0.005321 9.177795 -0.007359 0.152143 0.988331 -0.013539
-0.091481 0.980694 -0.172831 0.102616 -0.994727 -0.098074 -0.029986 9.366759 -0.046357 0.169176 0.984495 -0.012745
-0.118693 0.979663 -0.161776 0.093443 -0.989880 -0.129509 -0.058002 9.555132 -0.077774 0.153254 0.985121 -0.022917
-0.151807 0.975149 -0.161369 0.057760 -0.984880 -0.163021 -0.058607 9.759337 -0.083457 0.150032 0.985152 -0.018627
-0.166200 0.973481 -0.157203 0.047152 -0.983296 -0.175605 -0.047867 9.960356 -0.074203 0.146622 0.986406 -0.018622
-0.230342 0.960093 -0.158634 0.044470 -0.964506 -0.246881 -0.093691 10.170737 -0.129115 0.131423 0.982882 -0.019497
-0.252909 0.952475 -0.169791 0.028506 -0.957775 -0.271291 -0.095225 10.369853 -0.136763 0.138539 0.980869 -0.027560
-0.287841 0.944012 -0.161209 0.030805 -0.948550 -0.304216 -0.087784 10.570940 -0.131911 0.127647 0.983008 -0.022217
-0.319968 0.933681 -0.160810 0.031162 -0.937609 -0.336431 -0.087770 10.774365 -0.136051 0.122694 0.983075 -0.024181
-0.355115 0.921633 -0.156483 0.038807 -0.919445 -0.374582 -0.119618 10.963633 -0.168859 0.101399 0.980410 -0.036665
-0.388266 0.910281 -0.143660 0.043770 -0.904775 -0.406145 -0.128170 11.171776 -0.175018 0.080216 0.981292 -0.042559
-0.457855 0.882731 -0.105621 0.030589 -0.873381 -0.468802 -0.132022 11.376990 -0.166055 0.031800 0.985604 -0.043163
-0.476006 0.867928 -0.141845 0.024083 -0.864141 -0.491556 -0.107859 11.578476 -0.163339 0.071232 0.983995 -0.042597
-0.504147 0.852481 -0.138247 0.009080 -0.847024 -0.519313 -0.113419 11.775124 -0.168481 0.059919 0.983882 -0.042092
-0.541218 0.831554 -0.124904 0.006469 -0.824578 -0.553946 -0.114958 11.972941 -0.164784 0.040776 0.985487 -0.047666
-0.588169 0.798292 -0.129563 0.009727 -0.782848 -0.602198 -0.156548 12.173631 -0.202993 0.009352 0.979135 -0.044947
-0.621996 0.775831 -0.105865 -0.001483 -0.769798 -0.630619 -0.098646 12.387990 -0.143293 0.020138 0.989475 -0.042197
-0.654965 0.746482 -0.117412 0.002204 -0.742266 -0.664667 -0.085203 12.569462 -0.141642 0.031347 0.989421 -0.039446
-0.685782 0.718095 -0.118500 -0.007713 -0.711146 -0.695780 -0.100805 12.781028 -0.154838 0.015141 0.987824 -0.039703
-0.742288 0.666089 -0.073034 -0.016261 -0.662748 -0.745872 -0.066634 12.993546 -0.098858 -0.001058 0.995101 -0.038918
-0.773938 0.625634 -0.097992 -0.020031 -0.621930 -0.780076 -0.068448 13.197746 -0.119264 0.007970 0.992831 -0.046200
-0.794536 0.599188 -0.098418 -0.015301 -0.594881 -0.800607 -0.071726 13.410321 -0.121772 0.001558 0.992557 -0.040236
-0.815091 0.569396 -0.106837 -0.005361 -0.566810 -0.821930 -0.056180 13.623778 -0.119801 0.014764 0.992688 -0.042211
-0.831827 0.544804 -0.106080 -0.015019 -0.542138 -0.838482 -0.055085 13.821800 -0.118957 0.011689 0.992831 -0.047540
-0.850796 0.514618 -0.106370 -0.008494 -0.512541 -0.857313 -0.048138 14.028876 -0.115965 0.013563 0.993161 -0.046399
-0.880713 0.454374 -0.133747 -0.033993 -0.455169 -0.890014 -0.026364 14.219829 -0.131016 0.037659 0.990665 -0.040813
-0.899762 0.409953 -0.149554 -0.035268 -0.409673 -0.911594 -0.034116 14.414290 -0.150318 0.030572 0.988165 -0.043066
-0.903501 0.419880 -0.085946 -0.021251 -0.416026 -0.907400 -0.059556 14.614842 -0.102994 -0.018053 0.994518 -0.037940
-0.916395 0.390779 -0.086669 -0.016108 -0.385954 -0.920047 -0.067473 14.823639 -0.106107 -0.028382 0.993950 -0.041337
-0.931698 0.351852 -0.090220 -0.019919 -0.350306 -0.936055 -0.032956 15.020844 -0.096046 0.000900 0.995376 -0.042335
-0.918623 0.392475 -0.045768 -0.013664 -0.388100 -0.917955 -0.082078 15.226475 -0.074226 -0.057636 0.995575 -0.043708
-0.932021 0.358461 -0.053311 -0.006865 -0.353475 -0.931621 -0.084481 15.426504 -0.079949 -0.059894 0.994998 -0.048390
-0.943430 0.327091 -0.054320 -0.001889 -0.322612 -0.943363 -0.077382 15.628346 -0.076554 -0.055480 0.995521 -0.043901
-0.955370 0.290321 -0.054611 -0.018381 -0.286404 -0.955576 -0.069626 15.828095 -0.072399 -0.050878 0.996077 -0.050989
-0.964828 0.256259 -0.058638 -0.029001 -0.252135 -0.965195 -0.069471 16.024013 -0.074399 -0.052243 0.995859 -0.041142
-0.974092 0.220811 -0.048866 -0.033091 -0.216562 -0.973003 -0.079783 16.231935 -0.065164 -0.067133 0.995614 -0.042913
-0.978636 0.199173 -0.051008 -0.039781 -0.195373 -0.978153 -0.071035 16.427215 -0.064042 -0.059551 0.996169 -0.043696
-0.989765 0.142250 -0.011435 -0.065298 -0.140653 -0.985922 -0.090414 16.640866 -0.024135 -0.087880 0.995839 -0.041520
-0.992839 0.104235 -0.058356 -0.082914 -0.099494 -0.991899 -0.078976 16.838120 -0.066115 -0.072604 0.995167 -0.043856
-0.995405 0.074608 -0.060018 -0.089824 -0.070257 -0.994955 -0.071609 17.039906 -0.065058 -0.067063 0.995625 -0.044567
-0.999189 0.023858 -0.032447 -0.091025 -0.022353 -0.998692 -0.045985 17.235091 -0.033501 -0.045223 0.998415 -0.035528
-0.999179 -0.026049 -0.031031 -0.072724 0.027702 -0.998152 -0.054085 17.432337 -0.029564 -0.054900 0.998054 -0.040002
-0.998361 -0.055540 -0.013805 -0.069954 0.056123 -0.997355 -0.046198 17.642910 -0.011203 -0.046897 0.998837 -0.043567
-0.995703 -0.092422 0.005840 -0.074342 0.091985 -0.994347 -0.053033 17.860932 0.010708 -0.052268 0.998576 -0.046183
-0.992289 -0.123865 0.004539 -0.080583 0.123478 -0.991048 -0.050756 18.063389 0.010785 -0.049804 0.998701 -0.042879
-0.987744 -0.156039 -0.003697 -0.094529 0.156082 -0.987382 -0.026752 18.283473 0.000524 -0.027001 0.999635 -0.032561
-0.981646 -0.190530 0.008354 -0.085729 0.190028 -0.980891 -0.041742 18.486579 0.016148 -0.039388 0.999093 -0.024138
-0.975087 -0.221707 0.007179 -0.081191 0.221194 -0.974248 -0.043740 18.664386 0.016691 -0.041062 0.999017 -0.017563
-0.975733 -0.218418 0.015471 -0.088282 0.217517 -0.974969 -0.046055 18.868326 0.025143 -0.041572 0.998819 -0.030970
-0.967435 -0.251340 0.029971 -0.098033 0.250580 -0.967721 -0.026945 19.062486 0.035776 -0.018558 0.999188 -0.026566
-0.960745 -0.277384 -0.005150 -0.090767 0.277339 -0.959774 -0.043789 19.262732 0.007203 -0.043499 0.999028 -0.025464
-0.961240 -0.275220 0.016480 -0.098215 0.275322 -0.961342 0.004289 19.467111 0.014663 0.008660 0.999855 -0.024181
-0.954752 -0.296172 0.027041 -0.107807 0.296358 -0.955072 0.003064 19.659644 0.024919 0.010939 0.999630 -0.023773
-0.945243 -0.326299 0.006677 -0.097734 0.326223 -0.945235 -0.010466 19.847360 0.009726 -0.007715 0.999923 -0.018471
-0.936011 -0.351900 0.006985 -0.091320 0.351821 -0.936009 -0.010449 20.062150 0.010215 -0.007323 0.999921 -0.020411
-0.927282 -0.374158 0.012425 -0.107747 0.374088 -0.927362 -0.007672 20.278960 0.014393 -0.002466 0.999893 -0.025773
-0.886806 -0.460161 0.042743 -0.099062 0.458266 -0.887552 -0.047357 20.482537 0.059728 -0.022409 0.997963 -0.020683
-0.849474 -0.525718 0.044887 -0.098361 0.525335 -0.850639 -0.020888 20.682909 0.049164 0.005837 0.998774 -0.010345
-0.821264 -0.568137 0.052396 -0.089249 0.568272 -0.822726 -0.013741 20.888841 0.050914 0.018490 0.998532 -0.004491
-0.791163 -0.606286 0.080485 -0.091663 0.606100 -0.794840 -0.029523 21.081130 0.081872 0.025425 0.996318 0.000032
-0.766744 -0.637394 0.076366 -0.108596 0.637606 -0.769965 -0.024762 21.273573 0.074582 0.029705 0.996772 0.015188
-0.744996 -0.662990 0.073654 -0.105257 0.662616 -0.748235 -0.032936 21.477067 0.076946 0.024267 0.996740 0.019342
-0.720387 -0.689517 0.074892 -0.095451 0.690090 -0.723386 -0.022094 21.675711 0.069410 0.035766 0.996947 0.021418
-0.695432 -0.715850 0.062712 -0.084333 0.716812 -0.697201 -0.009522 21.875239 0.050540 0.038331 0.997986 0.026796
-0.681020 -0.727422 0.084076 -0.091637 0.729996 -0.683452 -0.000193 22.071895 0.057603 0.061243 0.996459 0.034324
-0.640331 -0.763207 0.086558 -0.093531 0.767333 -0.640649 0.027723 22.255179 0.034295 0.084170 0.995861 0.034551
-0.611800 -0.786826 0.081276 -0.093044 0.790845 -0.610546 0.042391 22.461422 0.016268 0.090211 0.995790 0.033366
-0.591853 -0.800266 0.096359 -0.092996 0.806040 -0.588055 0.067007 22.655316 0.003041 0.117327 0.993089 0.040185
-0.533311 -0.838693 0.110333 -0.099648 0.845595 -0.524942 0.096975 22.848714 -0.023414 0.145015 0.989152 0.034424
-0.504800 -0.853021 0.132410 -0.119263 0.862138 -0.490454 0.127175 23.040593 -0.043542 0.178353 0.983003 0.030633
-0.459963 -0.880873 0.111793 -0.098785 0.883814 -0.442063 0.153145 23.261136 -0.085482 0.169245 0.981860 0.035442
-0.431853 -0.895500 0.107620 -0.109978 0.897972 -0.415694 0.144378 23.461817 -0.084554 0.158990 0.983653 0.038419
-0.399829 -0.910382 0.106493 -0.115446 0.912044 -0.383596 0.145014 23.650421 -0.091168 0.155107 0.983682 0.040076
-0.344698 -0.932071 0.111480 -0.100238 0.933593 -0.328004 0.144281 23.849957 -0.097915 0.153810 0.983237 0.039520
-0.305614 -0.944819 0.117970 -0.091603 0.945908 -0.287100 0.151101 24.043755 -0.108894 0.157767 0.981454 0.045479
-0.270382 -0.956213 0.112026 -0.086327 0.955467 -0.252225 0.153183 24.258116 -0.118220 0.148455 0.981827 0.044741
-0.235113 -0.965299 0.113663 -0.082174 0.964401 -0.217118 0.150965 24.454831 -0.121048 0.145111 0.981983 0.040196
-0.190250 -0.971522 0.141246 -0.083101 0.970743 -0.164692 0.174742 24.648537 -0.146504 0.170359 0.974430 0.031582
-0.133358 -0.985753 0.102500 -0.083841 0.976657 -0.113141 0.182595 24.849250 -0.168397 0.124458 0.977831 0.030915
-0.096249 -0.989496 0.107864 -0.071502 0.980607 -0.075677 0.180783 25.041539 -0.170721 0.123173 0.977590 0.030947
-0.068525 -0.988492 0.134862 -0.066888 0.986297 -0.046789 0.158204 25.224067 -0.150073 0.143855 0.978153 0.026478
-0.052199 -0.994474 0.091082 -0.066002 0.985898 -0.036797 0.163253 25.418928 -0.158999 0.098319 0.982371 0.012252
-0.012045 -0.995959 0.088996 -0.059136 0.986417 0.002746 0.164235 25.611065 -0.163816 0.089765 0.982398 0.015032
0.027722 -0.996961 0.072800 -0.050970 0.985866 0.039306 0.162859 25.804895 -0.165225 0.067257 0.983960 0.020590
0.045349 -0.995821 0.079278 -0.076693 0.985529 0.057573 0.159428 26.012770 -0.163326 0.070900 0.984021 0.023763
0.078363 -0.993611 0.081224 -0.085351 0.979879 0.091769 0.177246 26.222791 -0.183567 0.065700 0.980809 0.021064
0.168266 -0.982056 0.085160 -0.084095 0.956052 0.183631 0.228570 26.417310 -0.240107 0.042957 0.969796 0.017400
0.200473 -0.976697 0.076640 -0.068198 0.956380 0.212068 0.200909 26.627730 -0.212481 0.033020 0.976607 0.023680
0.228781 -0.970110 0.080911 -0.057582 0.949634 0.240688 0.200662 26.833843 -0.214138 0.030928 0.976314 0.023917
0.264321 -0.961098 0.080156 -0.058662 0.939610 0.275362 0.203247 27.027881 -0.217413 0.021593 0.975841 0.028260
0.269416 -0.962008 0.044228 -0.055535 0.928984 0.271721 0.251308 27.225245 -0.253778 -0.026620 0.966896 0.021753
0.299370 -0.952907 0.048430 -0.049988 0.923140 0.302103 0.237794 27.421077 -0.241226 -0.026481 0.970107 0.018300
0.343524 -0.938793 0.025684 -0.046647 0.911703 0.339924 0.230756 27.616342 -0.225363 -0.055854 0.972673 0.017905
0.407160 -0.913048 0.023744 -0.039902 0.881372 0.399589 0.252015 27.819783 -0.239589 -0.081684 0.967432 0.019434
0.384528 -0.922886 0.020474 -0.030951 0.892414 0.377321 0.247437 28.012621 -0.236082 -0.076875 0.968688 0.022326
0.398967 -0.916794 0.017733 -0.033861 0.880507 0.388431 0.271713 28.209565 -0.255993 -0.092791 0.962215 0.020205
0.448447 -0.893590 0.019783 -0.027563 0.863170 0.438714 0.249936 28.375402 -0.232019 -0.095007 0.968060 0.018895
0.534466 -0.844148 0.041955 0.001008 0.816071 0.528334 0.234290 28.566274 -0.219942 -0.090982 0.971261 0.022650
0.558803 -0.827579 0.053409 -0.002310 0.802691 0.555933 0.215930 28.735501 -0.208391 -0.077791 0.974947 0.015857
0.563973 -0.824843 0.039605 -0.009253 0.809480 0.561682 0.171042 28.927467 -0.163328 -0.064403 0.984467 0.018056
0.590727 -0.806041 0.036595 -0.022068 0.790287 0.587138 0.175257 29.121895 -0.162751 -0.074609 0.983842 0.024378
0.617588 -0.785399 0.041648 -0.020756 0.769346 0.614269 0.175443 29.287658 -0.163376 -0.076309 0.983608 0.025959
0.637865 -0.769748 0.024823 -0.033455 0.754380 0.630969 0.181075 29.487074 -0.155045 -0.096776 0.983156 0.027489
0.666093 -0.745332 0.028286 -0.022490 0.729890 0.659162 0.181016 29.686373 -0.153562 -0.099927 0.983073 0.017354
0.670348 -0.740015 0.054876 -0.036166 0.721135 0.667105 0.186909 29.888535 -0.174924 -0.085721 0.980843 0.014567
0.697473 -0.715602 0.038017 -0.032951 0.700180 0.691816 0.176463 30.105354 -0.152578 -0.096459 0.983573 0.008018
0.712066 -0.701417 0.031229 -0.037095 0.687141 0.705329 0.174207 30.310280 -0.144219 -0.102588 0.984214 0.010430
0.732096 -0.680213 0.036685 -0.046037 0.664685 0.725096 0.180085 30.510578 -0.149096 -0.107455 0.982967 0.007096
0.760530 -0.648094 0.039605 -0.040661 0.635550 0.755523 0.158936 30.711564 -0.132928 -0.095705 0.986494 -0.000443
0.775606 -0.630908 0.019751 -0.036332 0.622462 0.769666 0.141969 30.929904 -0.104771 -0.097818 0.989674 0.008256
0.798602 -0.601520 0.020227 -0.039658 0.593361 0.792507 0.140909 31.123824 -0.100790 -0.100528 0.989816 0.013359
0.824705 -0.565154 0.021511 -0.037142 0.557152 0.818387 0.140798 31.325591 -0.097177 -0.104132 0.989805 0.013853
0.847347 -0.528982 0.046707 -0.019269 0.517571 0.842338 0.150288 31.524747 -0.118843 -0.103172 0.987538 0.016084
0.858850 -0.510641 0.040275 -0.031258 0.502259 0.854966 0.129492 31.720906 -0.100557 -0.090986 0.990762 0.019935
0.868451 -0.492402 0.057737 -0.014488 0.486478 0.868813 0.092210 31.910168 -0.095567 -0.051992 0.994064 0.020323
0.885834 -0.459124 0.067109 -0.014030 0.450487 0.885642 0.112695 32.099754 -0.111175 -0.069597 0.991361 0.020214
0.894879 -0.442447 0.058582 -0.025995 0.434769 0.893855 0.109546 32.299390 -0.100832 -0.072561 0.992254 0.029686
0.917411 -0.397938 0.001753 -0.024227 0.395129 0.911440 0.114675 32.491770 -0.047231 -0.104512 0.993401 0.030679
0.930909 -0.365210 0.005498 -0.008996 0.361976 0.924468 0.119717 32.699774 -0.048804 -0.109455 0.992793 0.036962
0.945646 -0.325041 0.010057 -0.014097 0.317531 0.929589 0.187184 32.903620 -0.070192 -0.173816 0.982273 0.032551
0.954613 -0.297489 0.014624 0.010370 0.288760 0.936403 0.199415 33.125016 -0.073018 -0.186141 0.979806 0.032822
0.968580 -0.247996 0.018726 0.028494 0.239288 0.949791 0.201589 33.350975 -0.067779 -0.190774 0.979291 0.041100
0.976881 -0.213459 0.011790 0.040432 0.206538 0.956570 0.205708 33.560133 -0.055188 -0.198517 0.978542 0.041683
0.981763 -0.188408 0.025365 0.039692 0.179345 0.962157 0.205155 33.759665 -0.063058 -0.196865 0.978401 0.034308
0.989186 -0.146653 0.001939 0.026213 0.142848 0.966349 0.213925 33.972200 -0.033246 -0.211334 0.976848 0.029766
0.994790 -0.100989 0.013908 0.026295 0.095820 0.972876 0.210548 34.171099 -0.034794 -0.208118 0.977485 0.024805
0.996545 -0.082670 0.007965 0.015845 0.079532 0.977529 0.195222 34.371284 -0.023925 -0.193914 0.980727 0.026259
0.998409 -0.056342 0.002037 0.006205 0.054819 0.978599 0.198342 34.588619 -0.013169 -0.197915 0.980131 0.019460
0.999758 -0.017848 0.012868 0.010977 0.014976 0.980421 0.196344 34.807386 -0.016121 -0.196104 0.980451 0.021468
0.999758 0.021853 -0.002454 0.029808 -0.021002 0.981965 0.187894 35.000861 0.006516 -0.187797 0.982186 0.036428
0.998757 0.040660 0.028816 0.025856 -0.046552 0.967597 0.248171 35.194856 -0.017792 -0.249204 0.968288 0.034137
0.997747 0.062606 0.024117 0.013187 -0.066635 0.966536 0.247724 35.390827 -0.007801 -0.248773 0.968531 0.036830
0.993880 0.110085 0.009175 0.026666 -0.108706 0.959887 0.258457 35.589624 0.019646 -0.257873 0.965979 0.033410
0.989550 0.144144 0.003673 0.018574 -0.140277 0.956481 0.255864 35.780875 0.033368 -0.253706 0.966706 0.039888
0.983866 0.178858 0.004113 0.024118 -0.173958 0.951040 0.255465 35.985709 0.041781 -0.252059 0.966809 0.036524
0.976935 0.213465 0.005562 0.016794 -0.207756 0.944142 0.255801 36.181731 0.049353 -0.251056 0.966713 0.044323
0.964605 0.262199 -0.028084 0.019371 -0.246921 0.935479 0.252802 36.374444 0.092557 -0.236920 0.967110 0.037026
0.956823 0.290652 0.003376 0.028483 -0.280793 0.921241 0.269202 36.576861 0.075134 -0.258527 0.963078 0.036595
0.949333 0.314221 0.005622 0.016325 -0.300974 0.903872 0.304022 36.790999 0.090448 -0.290311 0.952648 0.039964
0.938580 0.345039 -0.003957 0.012225 -0.329130 0.898631 0.290061 36.995544 0.103639 -0.270943 0.957000 0.034739
0.902004 0.430772 0.028730 0.012643 -0.415433 0.847922 0.329309 37.192549 0.117496 -0.308973 0.943785 0.033252
0.889834 0.455693 0.023232 0.009068 -0.437181 0.836895 0.329361 37.358214 0.130645 -0.303233 0.943918 0.025468
0.859636 0.510855 0.007236 0.016985 -0.482771 0.807580 0.338741 37.559597 0.167204 -0.294688 0.940852 0.021204
0.836979 0.545573 0.042619 0.022700 -0.532270 0.793530 0.294955 37.740538 0.127100 -0.269556 0.954560 0.024265
0.833884 0.550094 0.045100 0.033544 -0.537476 0.790733 0.293020 37.934742 0.125527 -0.268585 0.955042 0.035456
0.798261 0.599023 0.062853 0.037581 -0.588556 0.753599 0.292728 38.140221 0.127985 -0.270666 0.954128 0.036928
0.780122 0.622432 0.063144 0.051574 -0.610314 0.734947 0.295584 38.362908 0.137573 -0.269129 0.953228 0.032920
0.757885 0.649347 0.062923 0.060653 -0.635629 0.713250 0.295381 38.558824 0.146925 -0.263860 0.953305 0.033804
0.738488 0.672112 0.053860 0.058794 -0.657115 0.699500 0.280889 38.755832 0.151114 -0.242826 0.958228 0.026710
0.731208 0.676000 0.091430 0.060051 -0.672379 0.691616 0.263767 38.964010 0.115072 -0.254344 0.960243 0.027395
0.724997 0.684601 0.075510 0.058947 -0.675672 0.685676 0.270770 39.185265 0.133594 -0.247328 0.959678 0.024693
0.703448 0.707021 0.072678 0.054830 -0.690956 0.656315 0.303034 39.387837 0.166552 -0.263386 0.950204 0.023370
0.675636 0.731881 0.088687 0.065045 -0.721034 0.630909 0.286469 39.579637 0.153708 -0.257495 0.953976 0.022873
0.665706 0.739057 0.103104 0.073449 -0.733040 0.621833 0.275639 39.794169 0.139599 -0.259074 0.955716 0.027821
0.640999 0.761641 0.094990 0.080069 -0.751135 0.597023 0.281710 39.988077 0.157850 -0.251927 0.954786 0.025421
0.622479 0.777660 0.088117 0.086724 -0.760390 0.574287 0.303317 40.199435 0.185273 -0.255812 0.948807 0.017448
0.585973 0.803309 0.106443 0.080535 -0.783260 0.527820 0.328496 40.405809 0.207700 -0.275862 0.938488 0.014602
0.539638 0.835801 0.101132 0.094223 -0.814349 0.487722 0.314585 40.607662 0.213606 -0.252119 0.943827 0.020027
0.514945 0.852850 0.086476 0.096933 -0.824595 0.465250 0.321849 40.794763 0.234256 -0.237042 0.942834 0.020941
0.483630 0.871000 0.086374 0.099904 -0.841685 0.435727 0.318917 41.003603 0.240141 -0.226937 0.943839 0.025066
0.459680 0.882963 0.095243 0.103489 -0.850682 0.406984 0.332722 41.204814 0.255018 -0.233967 0.938203 0.024574
0.510387 0.854844 0.093530 0.103002 -0.826310 0.457394 0.328638 41.417327 0.238154 -0.245017 0.939813 0.020648
0.476010 0.874666 0.091513 0.090910 -0.843480 0.424616 0.329003 41.605067 0.248910 -0.233798 0.939884 0.019123
0.419339 0.905367 0.066824 0.108227 -0.870787 0.380325 0.311581 41.789802 0.256681 -0.188847 0.947867 0.009656
0.376630 0.926086 0.022682 0.099407 -0.883834 0.351897 0.308231 41.990261 0.277466 -0.136136 0.951041 0.010615
0.310727 0.950465 0.008073 0.090021 -0.897144 0.290468 0.332808 42.193629 0.313977 -0.110655 0.942960 0.013861
0.281668 0.959449 0.010998 0.084675 -0.905837 0.262114 0.332800 42.402843 0.316422 -0.103701 0.942933 0.016246
0.237089 0.971441 -0.009518 0.067938 -0.904860 0.224384 0.361773 42.613638 0.353577 -0.077160 0.932218 0.015986
0.191505 0.979387 -0.064246 0.078283 -0.898468 0.201278 0.390182 42.807559 0.395070 -0.016999 0.918494 0.011250
0.150436 0.986218 -0.068870 0.078824 -0.902507 0.165434 0.397633 43.008628 0.403547 0.002337 0.914956 0.013815
0.116928 0.990670 -0.070008 0.081351 -0.907300 0.135224 0.398148 43.219835 0.403900 0.016963 0.914646 0.005159
0.078721 0.994403 -0.070466 0.067845 -0.909234 0.100603 0.403946 43.434926 0.408774 0.032271 0.912065 0.002609
0.029354 0.995104 -0.094377 0.070134 -0.928492 0.062113 0.366121 43.631699 0.370190 0.076881 0.925769 0.003958
-0.030620 0.993655 -0.108219 0.072672 -0.944360 0.006713 0.328846 43.838669 0.327486 0.112267 0.938163 0.006899
-0.065202 0.991609 -0.111624 0.072149 -0.945013 -0.025436 0.326043 44.026881 0.320468 0.126745 0.938742 0.007114
-0.099113 0.986044 -0.133769 0.072629 -0.942265 -0.049788 0.331148 44.236518 0.319866 0.158866 0.934049 -0.002980
-0.165969 0.980113 -0.108777 0.078259 -0.922463 -0.115313 0.368462 44.443861 0.348591 0.161496 0.923257 -0.000361
-0.178965 0.978835 -0.099264 0.086029 -0.924762 -0.132917 0.356578 44.649995 0.335837 0.155611 0.928977 -0.004114
-0.210594 0.972612 -0.098364 0.081037 -0.921061 -0.163697 0.353342 44.829505 0.327563 0.165011 0.930309 0.007790
-0.265794 0.956030 -0.123937 0.084978 -0.913878 -0.208950 0.348092 45.022815 0.306889 0.205784 0.929232 0.005884
-0.283463 0.950825 -0.124824 0.092605 -0.912237 -0.227208 0.340883 45.215693 0.295759 0.210496 0.931782 0.000010
-0.329457 0.938531 -0.103040 0.085565 -0.894066 -0.275032 0.353558 45.417625 0.303486 0.208607 0.929720 0.001208
-0.341264 0.935795 -0.088469 0.081044 -0.898343 -0.297007 0.323676 45.611168 0.276619 0.189935 0.942023 0.010626
-0.365833 0.926166 -0.091561 0.085715 -0.891690 -0.320629 0.319509 45.808016 0.266561 0.198531 0.943149 0.012802
-0.401131 0.911451 -0.091387 0.070063 -0.877334 -0.353586 0.324442 46.018228 0.263400 0.210321 0.941480 0.018233
-0.425321 0.902884 -0.062474 0.062349 -0.859807 -0.381548 0.339343 46.209857 0.282550 0.198045 0.938586 0.021309
-0.439420 0.895405 -0.071826 0.058271 -0.851229 -0.389531 0.351675 46.414479 0.286913 0.215673 0.933363 0.012560
-0.472451 0.877438 -0.083018 0.059689 -0.834867 -0.415352 0.361220 46.591371 0.282467 0.239968 0.928778 0.009359
-0.495034 0.868138 -0.035759 0.052532 -0.812163 -0.447706 0.374101 46.773285 0.308761 0.214235 0.926698 0.010811
-0.489475 0.871403 -0.032735 0.045117 -0.821409 -0.448140 0.352787 46.974823 0.292750 0.199569 0.935131 0.011881
-0.522366 0.852682 -0.008248 0.054283 -0.795626 -0.483887 0.364463 47.176631 0.306780 0.196945 0.931181 0.014733
-0.548818 0.835941 0.000837 0.058868 -0.777284 -0.510676 0.367478 47.367026 0.307617 0.201028 0.930032 0.007778
-0.596902 0.802264 -0.008947 0.069742 -0.756162 -0.558803 0.340527 47.564702 0.268193 0.210026 0.940192 0.007051
-0.625521 0.780188 0.005481 0.069492 -0.732586 -0.589744 0.339882 47.767819 0.268404 0.208588 0.940452 0.014386
-0.656738 0.754088 0.006769 0.078590 -0.702513 -0.615035 0.358061 47.973073 0.274173 0.230397 0.933674 0.013760
-0.688350 0.725351 0.006288 0.096787 -0.674824 -0.643531 0.361222 48.162862 0.266059 0.244404 0.932459 0.011616
-0.702030 0.711904 -0.018601 0.081339 -0.660818 -0.641471 0.389658 48.355767 0.265467 0.285844 0.920772 0.015951
-0.724881 0.688639 -0.017988 0.065973 -0.639775 -0.663304 0.388221 48.557007 0.255413 0.292923 0.921391 0.015344
-0.758289 0.651700 -0.016911 0.077632 -0.600455 -0.688090 0.407414 48.775118 0.253875 0.319091 0.913087 0.019928
-0.786855 0.616653 0.024477 0.096428 -0.544463 -0.712321 0.442899 48.978133 0.290550 0.335170 0.896237 0.026874
-0.812305 0.581584 -0.043834 0.079623 -0.542063 -0.725093 0.424744 49.176229 0.215241 0.368782 0.904252 0.026163
-0.832782 0.552285 -0.038148 0.089123 -0.511678 -0.741582 0.433868 49.374872 0.211329 0.380837 0.900168 0.032374
-0.852585 0.521269 -0.037121 0.078349 -0.481015 -0.755012 0.445624 49.568490 0.204263 0.397788 0.894450 0.032318
-0.863881 0.502839 -0.029364 0.062797 -0.459839 -0.763529 0.453400 49.755486 0.205567 0.405187 0.890823 0.033523
-0.881410 0.471761 -0.023627 0.053057 -0.430334 -0.781375 0.451957 49.950935 0.194754 0.408526 0.891727 0.027607
-0.899624 0.435928 -0.025362 0.056477 -0.398956 -0.796935 0.453573 50.143910 0.177514 0.418164 0.890858 0.020402
-0.920934 0.389416 -0.015369 0.060106 -0.355450 -0.823129 0.442848 50.330967 0.159802 0.413297 0.896465 0.018004
-0.934004 0.356823 -0.017730 0.063495 -0.327320 -0.834780 0.442723 50.526756 0.143173 0.419308 0.896483 0.018361
-0.945531 0.325117 -0.016449 0.056086 -0.302793 -0.859805 0.411159 50.710589 0.119532 0.393744 0.911415 0.017391
-0.960200 0.277593 -0.030954 0.052163 -0.264603 -0.868535 0.419085 50.900649 0.089451 0.410596 0.907419 0.015386
-0.966080 0.255829 -0.035240 0.054827 -0.246695 -0.873889 0.418880 51.104044 0.076366 0.413364 0.907358 0.018265
-0.976541 0.213460 -0.028318 0.065175 -0.206029 -0.888013 0.411078 51.313935 0.062602 0.407269 0.911160 0.026097
-0.982297 0.184495 -0.032466 0.058425 -0.181629 -0.895558 0.406186 51.511832 0.045864 0.404892 0.913214 0.029936
-0.990144 0.135725 -0.034551 0.047643 -0.137661 -0.897740 0.418464 51.704568 0.025778 0.419096 0.907576 0.028718
-0.991362 0.129685 0.019583 0.030199 -0.110016 -0.903545 0.414128 51.905117 0.071400 0.408397 0.910008 0.029606
-0.994584 0.094750 0.042728 0.024932 -0.069290 -0.910833 0.406917 52.115580 0.077473 0.401753 0.912465 0.029761
-0.997167 0.060054 0.045299 0.022174 -0.036092 -0.910316 0.412336 52.310403 0.065999 0.409533 0.909905 0.030529
-0.997904 0.043299 0.048085 0.022356 -0.019490 -0.909742 0.414716 52.538276 0.061701 0.412909 0.908680 0.033298
-0.998558 -0.006206 0.053321 0.018277 0.029505 -0.893257 0.448578 52.746803 0.044845 0.449504 0.892152 0.030215
-0.997330 -0.040697 0.060635 0.031699 0.063751 -0.890194 0.451099 52.924781 0.035619 0.453760 0.890412 0.029593
-0.995778 -0.069004 0.060540 0.026615 0.088893 -0.889406 0.448391 53.109317 0.022904 0.451879 0.891785 0.030830
-0.991820 -0.126242 0.018894 0.021022 0.121932 -0.893178 0.432857 53.317836 -0.037769 0.431620 0.901264 0.035191
-0.981615 -0.189620 0.021802 0.008025 0.180293 -0.883658 0.432022 53.524189 -0.062654 0.428010 0.901600 0.039079
-0.980446 -0.195231 0.024726 0.022780 0.186776 -0.883605 0.429369 53.724502 -0.061978 0.425591 0.902791 0.038685
-0.972694 -0.230718 0.025228 0.034881 0.218812 -0.875354 0.431135 53.928887 -0.077387 0.424882 0.901935 0.040242
-0.962876 -0.269442 0.016485 0.031638 0.253206 -0.880314 0.401166 54.145273 -0.093579 0.390447 0.915857 0.046687
-0.954552 -0.297973 0.006480 0.032167 0.276290 -0.876520 0.394179 54.349769 -0.111775 0.378055 0.919011 0.053471
-0.954071 -0.297519 0.035081 0.027697 0.286985 -0.874073 0.391964 54.553549 -0.085953 0.384030 0.919311 0.049313
-0.938049 -0.345619 0.024715 0.038513 0.328202 -0.863373 0.383236 54.732285 -0.111116 0.367605 0.923320 0.040427
-0.928046 -0.371149 0.031281 0.046299 0.354439 -0.854200 0.380414 54.947619 -0.114471 0.364129 0.924287 0.042289
-0.914609 -0.403195 0.030386 0.030681 0.383851 -0.842194 0.378640 55.143458 -0.127075 0.357972 0.925045 0.041837
-0.895733 -0.444463 0.010777 0.042618 0.413702 -0.824374 0.386339 55.355550 -0.162829 0.350515 0.922294 0.041427
-0.874251 -0.485286 0.013509 0.047808 0.451946 -0.803395 0.387687 55.549268 -0.177286 0.345041 0.921692 0.048348
-0.855843 -0.516977 0.016360 0.035282 0.481994 -0.785655 0.387850 55.763589 -0.187656 0.339824 0.921577 0.044497
-0.833075 -0.553121 0.006553 0.037109 0.512842 -0.767861 0.383904 55.960154 -0.207313 0.323181 0.923350 0.037868
-0.813094 -0.581438 0.028414 0.043419 0.542085 -0.738466 0.401012 56.168164 -0.212181 0.341464 0.915632 0.037970
-0.793938 -0.607656 0.020426 0.044286 0.562509 -0.721370 0.403990 56.363339 -0.230752 0.332233 0.914535 0.034233
-0.770900 -0.636806 0.013856 0.042122 0.583537 -0.697359 0.416143 56.549814 -0.255340 0.328890 0.909194 0.034329
-0.775221 -0.631279 0.022759 0.045253 0.586532 -0.705959 0.396990 56.749984 -0.234545 0.321104 0.917541 0.029289
-0.777686 -0.628260 0.022236 0.037052 0.583333 -0.707984 0.398098 56.954983 -0.234366 0.322566 0.917074 0.026358
-0.765320 -0.643522 0.012834 0.031166 0.594585 -0.699206 0.396963 57.153252 -0.246481 0.311435 0.917745 0.017293
-0.731184 -0.679851 0.056326 0.017632 0.648330 -0.666842 0.367410 57.361283 -0.212224 0.305162 0.928352 0.020535
-0.705788 -0.706212 0.055931 0.020930 0.671731 -0.642063 0.369504 57.558327 -0.225037 0.298362 0.927544 0.022440
-0.667059 -0.742951 0.055277 0.046892 0.702205 -0.602218 0.379793 57.755088 -0.248879 0.292160 0.923418 0.021510
-0.631897 -0.771832 0.070589 0.058434 0.730864 -0.563080 0.385719 57.941741 -0.257962 0.295326 0.919912 0.015920
-0.640719 -0.761794 0.095653 0.059886 0.729769 -0.565545 0.384181 58.135877 -0.238571 0.315956 0.918289 0.005873
-0.621574 -0.778744 0.084875 0.071726 0.738176 -0.546012 0.396191 58.346108 -0.262188 0.308915 0.914237 0.005080
-0.547179 -0.829112 0.114750 0.060179 0.800739 -0.478599 0.360222 58.551708 -0.243746 0.288991 0.925782 0.011272
-0.519175 -0.847202 0.112720 0.062365 0.816139 -0.452287 0.359656 58.740550 -0.253720 0.278720 0.926251 0.019003
-0.513776 -0.853492 0.087100 0.056261 0.822425 -0.461070 0.333213 58.956809 -0.244235 0.242830 0.938820 0.023932
-0.489554 -0.865727 0.104179 0.047990 0.840707 -0.436912 0.319876 59.150557 -0.231408 0.244181 0.941714 0.023897
-0.459740 -0.882231 0.101526 0.045963 0.852085 -0.406020 0.330300 59.355450 -0.250180 0.238361 0.938400 0.019041
-0.388022 -0.917972 0.082253 0.040982 0.876820 -0.340181 0.339799 59.540767 -0.283946 0.203970 0.936894 0.018959
-0.305397 -0.946271 0.106321 0.042645 0.888404 -0.242958 0.389500 59.736369 -0.342741 0.213408 0.914869 0.019915
-0.275486 -0.957240 0.088312 0.048477 0.909867 -0.229994 0.345319 59.940820 -0.310242 0.175483 0.934321 0.015265
-0.238231 -0.967184 0.088323 0.040300 0.916243 -0.193656 0.350709 60.155731 -0.322095 0.164475 0.932310 0.011495
-0.240554 -0.966860 0.085535 0.034070 0.916104 -0.197035 0.349184 60.357461 -0.320759 0.162357 0.933142 0.022699
-0.193067 -0.977787 0.081594 0.046354 0.916595 -0.150060 0.370587 60.545768 -0.350111 0.146337 0.925207 0.019799
-0.139791 -0.986251 0.088136 0.048592 0.909331 -0.092640 0.405629 60.735991 -0.391887 0.136848 0.909779 0.021665
-0.100429 -0.990850 0.090171 0.060853 0.915562 -0.056562 0.398180 60.943664 -0.389436 0.122546 0.912865 0.024873
-0.088170 -0.990779 0.102874 0.067283 0.920864 -0.041699 0.387648 61.139114 -0.379784 0.128912 0.916049 0.026693
-0.053499 -0.993158 0.103804 0.057540 0.922281 -0.009294 0.386408 61.347282 -0.382800 0.116409 0.916468 0.022403
-0.010488 -0.994383 0.105320 0.050574 0.922391 0.031050 0.385008 61.541892 -0.386116 0.101184 0.916884 0.020982
0.025381 -0.994303 0.103522 0.061425 0.929113 0.061679 0.364616 61.731478 -0.368924 0.086929 0.925385 0.026302
0.063862 -0.992216 0.106903 0.048138 0.907678 0.102273 0.407016 61.933340 -0.414781 0.071041 0.907144 0.027596
0.081743 -0.991735 0.098890 0.044166 0.898477 0.116269 0.423344 62.132798 -0.431343 0.054245 0.900556 0.023043
0.116998 -0.988517 0.095638 0.039944 0.895499 0.146644 0.420210 62.315820 -0.429409 0.036480 0.902373 0.026975
0.179053 -0.981470 0.068248 0.035439 0.883458 0.190923 0.427844 62.525987 -0.432946 -0.016312 0.901272 0.024159
0.221657 -0.973027 0.063926 0.040932 0.872947 0.227219 0.431665 62.714104 -0.434547 -0.039878 0.899766 0.035748
0.255697 -0.964513 0.065837 0.050852 0.848476 0.256533 0.462903 62.914405 -0.463365 -0.062501 0.883961 0.046344
0.280270 -0.956427 0.081829 0.045071 0.821864 0.283132 0.494345 63.082210 -0.495973 -0.071297 0.865406 0.043287
0.309355 -0.946958 0.087009 0.027735 0.811958 0.310660 0.494180 63.285333 -0.494998 -0.082230 0.864994 0.045207
0.338117 -0.934463 0.111610 0.037693 0.778477 0.344355 0.524780 63.479018 -0.528820 -0.090551 0.843890 0.037525
0.368504 -0.916727 0.154328 0.036936 0.738497 0.389512 0.550366 63.677748 -0.564648 -0.088842 0.820536 0.037823
0.413142 -0.896382 0.160665 0.028445 0.710949 0.427728 0.558212 63.875440 -0.569092 -0.116396 0.813994 0.034724
0.529013 -0.830798 0.172973 0.037755 0.673886 0.535156 0.509397 64.086041 -0.515774 -0.152913 0.842968 0.045067
0.551800 -0.814648 0.178508 0.034539 0.659395 0.557226 0.504676 64.271912 -0.510603 -0.160773 0.844652 0.038236
0.562663 -0.803917 0.192687 0.015585 0.620302 0.564643 0.544430 64.490806 -0.546476 -0.186807 0.816375 0.045281
0.589677 -0.785523 0.187707 0.017671 0.604265 0.583312 0.542780 64.692079 -0.535859 -0.206640 0.818630 0.039366
0.612046 -0.766803 0.193422 0.018235 0.591810 0.606347 0.531135 64.882975 -0.524557 -0.210610 0.824914 0.033652
0.596621 -0.772565 0.217226 0.024146 0.577039 0.601091 0.552916 65.073706 -0.557736 -0.204533 0.804423 0.033641
0.615425 -0.760578 0.206817 0.011172 0.566868 0.609415 0.554323 65.262183 -0.547643 -0.223906 0.806196 0.025073
0.631832 -0.745254 0.213039 0.019418 0.542848 0.621651 0.564683 65.461349 -0.553268 -0.241137 0.797338 0.025519
0.652438 -0.725515 0.218980 0.028068 0.521937 0.639676 0.564266 65.656735 -0.549460 -0.253855 0.796022 0.027644
0.673493 -0.707077 0.215521 0.024540 0.502457 0.651755 0.568113 65.858802 -0.542167 -0.274330 0.794228 0.029383
0.696131 -0.688557 0.203201 0.023041 0.482560 0.658348 0.577680 66.078607 -0.531543 -0.304084 0.790566 0.029374
0.699569 -0.675802 0.232152 0.023823 0.478404 0.684285 0.550348 66.285074 -0.530784 -0.273944 0.802011 0.018023
0.701489 -0.674094 0.231323 0.044473 0.483543 0.688623 0.540355 66.470203 -0.523545 -0.267198 0.809015 0.016324
0.728749 -0.644791 0.230587 0.059871 0.471161 0.716485 0.514448 66.669800 -0.496924 -0.266260 0.825937 0.012526
0.752190 -0.617058 0.231192 0.062263 0.441028 0.732114 0.519136 66.879410 -0.489597 -0.288527 0.822829 0.012995
0.775402 -0.604807 0.181551 0.058177 0.450324 0.731170 0.512443 67.106179 -0.442674 -0.315592 0.839310 0.013037
0.791840 -0.586257 0.171149 0.071710 0.423867 0.729299 0.537085 67.324393 -0.439688 -0.352741 0.825983 0.005831
0.811766 -0.551276 0.192692 0.078808 0.386478 0.754505 0.530431 67.537439 -0.437801 -0.356115 0.825538 0.015446
0.832145 -0.519723 0.193448 0.080982 0.357145 0.769114 0.530011 67.736397 -0.424242 -0.371957 0.825631 0.018176
0.848026 -0.488745 0.204892 0.076739 0.323174 0.783340 0.530978 67.933311 -0.420012 -0.384067 0.822242 0.017986
0.864651 -0.458885 0.204458 0.080896 0.295942 0.794135 0.530817 68.132494 -0.405951 -0.398464 0.822454 0.013179
0.886917 -0.418531 0.195476 0.101883 0.265852 0.808551 0.524946 68.323784 -0.377759 -0.413616 0.828384 0.016728
0.900485 -0.379411 0.212541 0.098463 0.220605 0.819699 0.528608 68.532221 -0.374780 -0.429116 0.821827 0.014366
0.914605 -0.343327 0.213599 0.087556 0.182836 0.822315 0.538859 68.737958 -0.360651 -0.453790 0.814866 0.001973
0.926085 -0.312951 0.210780 0.090386 0.156709 0.827189 0.539631 68.948498 -0.343233 -0.466713 0.815089 -0.001383
0.934579 -0.292091 0.203086 0.085348 0.154482 0.847436 0.507925 69.141256 -0.320463 -0.443323 0.837119 -0.001187
0.944469 -0.263409 0.196453 0.090102 0.145212 0.870874 0.469566 69.337117 -0.294774 -0.414963 0.860763 0.007299
0.952756 -0.229518 0.198941 0.097514 0.114228 0.877650 0.465491 69.544116 -0.281439 -0.420775 0.862404 0.011787
0.965477 -0.194009 0.173824 0.097453 0.088262 0.871475 0.482433 69.734658 -0.245080 -0.450436 0.858512 0.015932
0.970786 -0.164635 0.174556 0.099499 0.060847 0.872608 0.484615 69.945148 -0.232103 -0.459837 0.857134 0.022883
0.985314 -0.095498 0.141547 0.128481 0.014611 0.873090 0.487340 70.147246 -0.170123 -0.478115 0.861664 0.019402
0.987814 -0.060362 0.143459 0.114182 -0.017255 0.873577 0.486380 70.354305 -0.154682 -0.482928 0.861890 0.024213
